22
62
99
7
24
97
82
60
83
14
60
50
24
49
89
66
34
90
22
61
96
46
0
9
78
89
86
99
24
74
69
71
64
5
98
10
96
81
28
11
25
57
15
66
60
2
21
7
94
52
27
30
47
87
95
16
55
76
26
44
74
19
13
29
10
64
82
1
52
99
33
27
71
62
20
19
92
66
81
30
55
85
90
41
24
90
7
85
99
80
81
73
70
77
46
86
56
68
30
8
10
82
97
0
86
65
91
81
56
79
37
62
59
25
88
58
20
93
0
82
39
8
20
41
39
60
14
79
43
93
87
72
82
66
32
61
15
79
74
96
20
4
77
36
13
45
5
1
34
60
6
77
30
31
26
73
6
75
7
51
74
64
28
96
10
36
74
23
45
46
16
32
71
27
56
60
74
55
27
6
24
50
65
79
72
55
75
20
42
71
26
68
20
15
57
72
60
64
79
54
8
75
58
78
30
36
60
2
44
32
88
6
27
32
89
12
85
71
32
54
36
35
0
28
7
96
59
17
72
21
75
38
24
30
26
26
4
17
40
54
29
13
72
44
54
6
94
24
85
31
8
55
44
56
47
32
82
1
57
25
0
55
29
3
33
32
92
22
10
63
67
63
43
8
26
9
23
22
11
26
68
2
96
71
93
26
67
40
18
87
8
38
54
55
71
8
60
35
6
48
40
52
10
6
60
47
42
7
31
39
38
60
87
98
11
27
60
7
26
59
49
31
99
28
46
65
95
18
87
4
27
51
89
96
74
67
47
72
89
4
13
39
41
0
96
38
53
94
69
58
43
75
45
3
46
1
25
12
11
81
0
24
56
79
46
98
65
54
20
33
14
51
35
42
54
86
77
70
87
29
0
53
54
62
65
41
30
7
79
45
13
73
34
1
79
61
71
35
28
30
68
72
97
37
22
65
39
88
41
50
32
63
28
8
6
93
40
44
94
33
16
91
14
29
97
93
60
67
99
14
95
49
41
47
67
73
33
84
93
48
56
58
33
96
21
80
41
79
8
7
27
44
55
59
2
26
53
54
38
51
32
68
10
9
89
25
79
43
61
34
48
64
11
78
81
20
5
37
53
98
9
88
0
94
73
68
29
44
79
42
33
49
51
64
73
3
23
85
62
99
30
71
84
89
0
34
56
31
6
66
27
16
77
53
57
13
34
75
11
91
65
79
93
60
79
27
47
78
47
57
3
74
71
84
89
82
29
6
47
62
48
68
76
30
66
60
87
1
85
31
88
3
61
95
15
52
86
28
98
72
73
12
19
75
89
33
6
66
12
26
73
64
89
18
86
76
6
72
9
80
39
21
51
3
6
72
3
69
28
56
45
83
37
45
13
6
64
13
69
96
39
46
31
74
43
56
66
1
51
5
52
40
11
53
38
92
52
4
40
95
10
31
19
0
15
6
69
71
43
1
37
25
70
42
56
50
54
28
12
31
36
54
23
64
66
10
71
94
27
82
54
7
84
8
25
87
20
26
28
3
19
60
21
45
3
87
45
10
24
79
15
72
9
69
90
45
36
16
88
37
35
77
54
68
30
79
88
43
67
85
1
69
92
79
98
99
35
43
8
98
94
48
97
65
7
85
46
57
73
64
15
40
1
51
55
87
47
21
38
1
16
75
17
50
65
25
25
49
35
3
80
20
75
76
85
9
88
14
27
54
20
98
57
69
51
19
61
2
20
18
60
89
67
72
55
72
47
43
96
1
45
91
86
50
21
14
46
78
42
96
35
16
58
69
15
18
87
97
65
35
9
97
22
15
12
32
67
29
54
40
68
24
23
88
48
79
77
79
94
82
35
11
48
77
22
77
91
64
0
33
71
69
25
90
44
47
19
46
26
20
93
33
25
46
96
44
42
87
59
86
31
10
33
87
38
11
61
20
33
22
18
82
17
45
89
7
86
36
9
48
75
86
49
97
51
38
48
72
27
11
22
9
14
58
19
32
20
85
39
91
83
42
2
30
57
38
61
21
99
0
4
46
90
89
70
41
86
73
44
45
27
34
35
64
19
54
86
10
26
79
91
0
76
98
34
80
27
40
64
34
1
49
38
62
52
79
39
9
65
15
62
41
15
84
86
92
18
9
12
81
49
78
42
11
28
83
79
64
42
43
27
50
22
15
98
73
85
64
93
8
74
96
76
66
66
30
34
97
11
68
83
5
48
61
96
63
10
29
54
58
30
52
65
16
8
88
80
91
88
26
3
6
83
16
93
34
65
54
68
86
10
87
77
42
11
28
1
89
16
39
