71
47
19
93
64
59
57
90
65
57
89
55
60
99
69
83
25
98
40
32
32
53
82
33
59
22
57
33
77
53
64
40
40
16
64
77
68
1
55
73
49
75
84
80
2
79
46
53
49
30
89
77
94
81
19
77
25
42
4
85
85
91
40
23
35
4
26
16
25
93
62
21
54
54
17
80
18
88
37
90
36
69
40
31
92
27
70
86
72
57
19
43
50
51
11
34
67
69
56
13
48
65
6
10
82
90
63
56
21
84
26
36
30
33
90
53
17
65
47
1
34
51
57
14
60
5
10
49
16
19
59
61
16
99
3
44
96
72
62
64
59
80
24
93
34
24
42
91
22
41
56
39
72
9
70
95
50
57
21
12
10
65
73
63
67
4
40
44
79
15
66
95
63
65
53
8
66
6
32
70
62
37
31
89
98
71
39
22
5
98
68
12
85
83
32
52
38
93
70
52
81
27
60
54
66
85
87
65
57
30
33
14
18
14
70
21
52
91
50
86
41
42
98
19
89
70
31
20
35
76
78
58
97
37
95
17
59
13
39
0
87
48
24
7
85
28
27
45
35
31
49
80
16
51
44
31
21
37
59
78
6
70
17
85
99
72
71
75
2
61
60
42
88
93
65
44
0
23
6
68
93
99
32
92
81
91
51
15
87
20
3
40
58
19
66
41
35
49
52
85
80
40
24
29
76
60
17
18
27
47
17
11
4
66
13
37
98
56
32
35
58
72
7
79
24
31
47
47
97
7
91
90
33
76
73
79
23
22
18
41
73
48
90
16
58
96
6
52
91
95
50
11
39
60
63
58
43
69
18
45
48
3
3
80
92
36
44
51
97
74
18
0
70
93
90
36
56
6
43
44
37
12
39
52
0
57
4
39
4
79
89
29
62
56
69
68
62
91
41
65
74
20
13
16
7
72
85
28
43
59
74
87
68
87
1
40
62
34
73
15
94
88
92
29
38
54
59
13
82
51
39
53
6
89
73
9
92
4
87
95
53
68
17
46
19
4
65
37
37
4
86
5
62
19
49
7
8
54
83
9
89
38
60
15
46
32
48
34
28
4
27
9
52
23
19
16
6
87
58
30
81
54
8
98
95
77
14
38
40
91
4
25
26
29
90
72
40
30
49
84
39
93
10
34
82
75
28
79
70
31
87
95
2
80
77
46
6
23
80
26
23
46
39
40
26
68
42
58
41
46
1
78
83
12
4
62
17
2
65
32
63
18
31
32
80
71
15
96
26
95
79
28
39
62
59
12
61
35
71
71
57
4
38
1
17
27
53
94
0
64
77
34
56
55
7
81
44
94
98
45
12
58
3
78
85
59
84
14
14
62
55
2
48
17
70
17
75
59
81
28
50
65
72
10
38
93
31
79
96
61
24
13
76
4
99
62
29
70
82
65
61
89
96
27
59
89
25
22
29
36
19
98
69
38
94
88
84
1
63
93
65
25
35
95
93
77
84
67
95
14
9
83
27
12
51
42
64
54
65
95
90
66
28
63
40
35
24
48
11
87
42
90
52
30
10
92
75
49
30
73
59
83
50
65
96
79
44
36
97
54
56
65
43
8
32
51
83
98
21
37
46
88
53
4
31
54
18
52
39
71
53
0
62
26
49
18
63
41
87
63
24
9
25
83
39
32
95
6
21
34
53
0
10
2
96
2
24
16
94
58
49
85
93
68
70
47
48
39
76
76
43
21
18
42
92
30
15
93
84
88
32
68
97
44
86
50
71
77
69
49
18
63
68
42
97
86
44
97
65
12
68
70
5
17
36
41
78
94
51
54
56
26
11
2
92
50
11
71
70
43
51
67
30
23
12
33
78
76
57
76
67
92
35
56
9
71
12
99
98
3
22
57
19
67
38
0
10
18
13
91
96
26
99
26
43
93
87
11
96
4
35
84
2
25
4
66
51
39
88
87
32
44
60
36
49
78
89
29
27
15
47
93
82
41
76
32
27
98
50
81
91
33
80
38
15
84
52
57
62
61
58
29
65
1
54
8
58
25
56
81
68
18
53
40
20
47
29
64
65
29
24
37
58
23
22
74
16
56
98
19
24
70
68
90
63
56
59
81
65
12
63
40
84
91
8
18
18
86
72
59
66
72
38
4
78
34
62
71
47
83
11
21
39
76
13
17
33
47
89
43
91
57
86
51
75
13
32
17
55
62
87
87
44
36
7
94
19
91
77
65
44
17
90
74
55
33
80
3
88
47
21
22
44
53
29
6
46
85
48
46
56
45
20
96
34
48
96
63
1
64
